time,x,y,z,phi,theta,psi,x_velocity,y_velocity,z_velocity,phi_velocity,theta_velocity,psi_velocity,rotor_speed1,rotor_speed2,rotor_speed3,rotor_speed4
0.06,-2.01052548421e-08,2.28631409438e-07,10.0017481606,0.000238483255774,2.68024817345e-05,0.0,-1.96843575757e-06,2.00017616146e-05,0.0582702659082,0.0109291835937,0.00132555677937,0.0,423.1276890223706,423.24175865650494,423.25208897284017,424.19142057434414
0.12000000000000001,-9.7737955075e-07,9.54312262031e-06,10.0097951886,0.00101822657274,6.28315556428,0.0,-3.16801155437e-05,0.000369508058653,0.209947476173,0.0168377845407,-0.00591574097156,0.0,453.03025465393625,452.44775634310514,453.043395697623,453.5180201778452
0.18,-9.89344730701e-07,5.85666465322e-05,10.0269959062,0.00205286442475,6.28301949697,0.0,5.73323300641e-05,0.0013769699075,0.363372635908,0.018044147675,0.00417933290083,0.0,453.2309459950203,454.04148156498485,453.5144787239097,453.61126512434515
0.23999999999999996,4.95245059962e-06,0.000187822436972,10.0516841162,0.00345418062843,1.00675987706e-05,0.0,0.000118957282256,0.003059180737,0.459533025769,0.0322861583283,0.000310312149419,0.0,436.0555607603549,435.7322299409141,435.18300716118875,436.3733721221377
0.3,1.17489111996e-05,0.000464284169421,10.0859747744,0.0053514738252,4.12051769612e-05,0.0,0.000104595103606,0.00638657297354,0.683380696767,0.030258325972,0.000933061087216,0.0,474.62551112827225,474.6732845279009,475.0837419585779,474.9285449602818
0.36000000000000004,1.66204726244e-05,0.000990233521237,10.134427636,0.00710776542326,0.000198915578013,0.0,4.43113821102e-05,0.0113655458773,0.931544291227,0.0272214000452,0.00582057751819,0.0,481.777182557822,482.1464782388689,482.42789345656564,482.1987435585048
0.4200000000000001,1.41284480316e-05,0.00181750315484,10.1922625742,0.00885158387398,0.000525733519997,0.0,-0.000160088464223,0.0163733337536,0.996231195673,0.0325140897223,0.00468904145779,0.0,425.399542522757,425.30255739616626,427.3175966228184,427.7687621683644
0.48000000000000015,-6.54208656944e-06,0.00297332597659,10.2531795222,0.0110304242335,0.00102710391441,0.0,-0.000566037993188,0.0223463080157,1.03429790887,0.0429965326824,0.0148330416416,0.0,417.2148712672667,418.099392016554,417.5208227319315,418.43493974137385
0.5400000000000001,-6.3030397755e-05,0.00453254367534,10.3165459965,0.0131347967385,0.00166825617595,0.0,-0.00139010969163,0.0298547849773,1.07787467692,0.0103461239768,0.000735331087971,0.0,421.49772900993065,420.27764778869823,419.98283781027595,417.1421984303824
0.6000000000000002,-0.000184578937327,0.00661946187864,10.3856925352,0.0151091984123,0.00242535112243,0.0,-0.00271254726521,0.0398700966108,1.2268592221,0.0586108789576,0.0294926081281,0.0,452.0230028197413,454.3342023039573,451.61297677322113,455.4892111184553
0.6600000000000003,-0.000401200259258,0.00932048724512,10.4612165419,0.0189819010871,0.00417275954971,0.0,-0.00467791173928,0.0505219080734,1.29053100642,0.0743452535922,0.0283749214113,0.0,427.81237553792334,427.7174932132417,425.0980731326398,426.44727649820567
0.7200000000000003,-0.000776214937819,0.01276727103,10.5419030611,0.0242835584388,0.00627464388525,0.0,-0.00802102962568,0.064881551581,1.39888098267,0.107317764524,0.045809003653,0.0,439.68957446152103,441.131937700255,440.73091782072544,443.45357829404185
0.7800000000000004,-0.00140791413268,0.0172253189187,10.6303590182,0.0307247283581,0.00872233858512,0.0,-0.0133216714564,0.0844200389172,1.54943724257,0.10742281487,0.0281799437904,0.0,455.369441815884,453.957970613883,454.6578367449718,454.6760922041028
0.8400000000000004,-0.00239885003223,0.0229674082592,10.7268652699,0.0373009181967,0.0100277730076,0.0,-0.0198699313016,0.107659008896,1.6672478268,0.113638267328,0.00406859048269,0.0,445.4064034670186,443.4303022397032,445.33335949783725,445.85197631817834
0.9000000000000005,-0.00384391358253,0.0303917872734,10.8342541776,0.0438018369146,0.0107636368971,0.0,-0.0283600443762,0.14063086383,1.91197014747,0.094833274903,0.0250036918022,0.0,482.7217787349241,484.29875811988546,484.1230723015834,482.71532319708933
0.9600000000000005,-0.00576492078273,0.039721094665,10.9511532321,0.0503183612263,0.0124031654508,0.0,-0.0358263938015,0.170946253043,1.98450898468,0.127337066195,0.0316052087629,0.0,431.5653017191811,432.12232210655236,430.68637598123564,433.4367980234992
1.0200000000000005,-0.00818048049908,0.0510549259505,11.0733727936,0.0576850022975,0.0145210023609,0.0,-0.0448971278652,0.207610298715,2.0892424683,0.111606207806,0.0418118096168,0.0,442.25045334264433,443.0908340106375,443.11013941085946,441.8287285762393
1.0800000000000005,-0.0111931740974,0.0647648271063,11.2023069278,0.0649563040262,0.0166267201494,0.0,-0.0557705609941,0.250108883384,2.20828507307,0.13555684762,0.0161989138356,0.0,447.67977551461627,445.5914195588506,447.50248977456295,449.46051166119554
1.1400000000000006,-0.0149418053114,0.0813614281654,11.3410391351,0.0733112914217,0.0173878077518,0.0,-0.0692804362261,0.304054523456,2.41562975766,0.145760314778,0.00452001133209,0.0,474.70856807259645,473.81146043522824,475.0910189398167,475.88920200537115
1.2000000000000006,-0.0195158356736,0.10139027045,11.492113457,0.0816632313052,0.0183304177717,0.0,-0.0832580614558,0.364547146655,2.61964454306,0.120976281565,0.0318607391348,0.0,473.43572885853433,475.5345648846071,476.2897695451749,474.4067984412817
1.2600000000000007,-0.0248826521435,0.124909848134,11.6514389572,0.0889326976037,0.0199648796268,0.0,-0.0958085439414,0.420131664069,2.69096274862,0.121517949737,0.0158731337775,0.0,435.3698374504749,434.03031857208316,435.81332468467485,435.87217076740524
1.3200000000000007,-0.0311332891889,0.152365061538,11.8200659286,0.0969397363106,0.0207201005872,0.0,-0.112640190253,0.49592991399,2.9292461826,0.150362190709,0.00503619339997,0.0,486.96994217429636,486.1585205853875,485.3461927312891,487.52038230645843
1.3800000000000008,-0.0383924967401,0.184491311262,12.0021439756,0.105678487154,0.0209516660864,0.0,-0.129353359021,0.575937494349,3.13933522949,0.133993378204,0.00139526256871,0.0,480.3216653796263,480.0453914502186,479.898227258135,478.67213832741044
1.4400000000000008,-0.0466149375109,0.221395397711,12.1946879916,0.11421340291,0.0213752841995,0.0,-0.144748972599,0.655046565091,3.27828088793,0.155048416714,0.0164916018452,0.0,460.0147981385966,461.2086001091151,458.32626027113446,460.0144573610982
1.5000000000000009,-0.0557295349738,0.2629908265,12.3934422425,0.123227357848,0.0233785114702,0.0,-0.159224664006,0.732329049134,3.34651927573,0.138268382843,0.0548880850877,0.0,437.5334582073743,440.7190551655913,439.3757378638117,438.0036843114237
1.560000000000001,-0.0659305323925,0.310283137842,12.6033358411,0.132005165817,0.0268409167171,0.0,-0.181234704578,0.845082603721,3.6488087878,0.158818182812,0.0628179074833,0.0,509.2846506045678,509.8533486992177,507.88551356015427,509.3740670247776
1.620000000000001,-0.0774416093508,0.364065140863,12.827510938,0.141053601653,0.0301497430327,0.0,-0.20286283487,0.948617543347,3.82291166765,0.125638091837,0.0317908309847,0.0,475.59738136670785,473.2165702701623,476.0897997121669,473.5632687666345
1.680000000000001,-0.0901413233437,0.423428497392,13.0563327331,0.148192295614,0.0324773466951,0.0,-0.220644633675,1.03077679675,3.8043965281,0.100342361477,0.0500248410209,0.0,415.39526115747844,416.9921271206383,415.16539495905903,412.9532889429776
1.740000000000001,-0.10404787317,0.488271000883,13.2869128472,0.153705148394,0.0355716132105,0.0,-0.243200330563,1.13115667992,3.88118760582,0.0639195947152,0.0544959626827,0.0,446.91759813382293,447.2835887645425,447.54229896081006,444.57421168471063
1.8000000000000012,-0.11937874038,0.559267368311,13.5222903389,0.157063345406,0.038664315636,0.0,-0.268136894317,1.23568215296,3.96430744822,0.0311063798246,0.0448740100639,0.0,449.907043332005,449.12892686342536,450.693929658897,448.03568997398804
1.8600000000000012,-0.1362968892,0.636711742819,13.7634024003,0.158725664117,0.0411570515655,0.0,-0.296055668852,1.34588532183,4.07227089094,0.0198480382441,0.0338843274966,0.0,458.30984871070706,457.43633345734963,458.67276287588123,457.7778742993202
1.9200000000000013,-0.154822419944,0.720343154037,14.0081628916,0.159845235626,0.0437678162132,0.0,-0.321672122698,1.44188705535,4.08627610014,0.0161699463379,0.0579419650198,0.0,428.3655395821177,430.40772153338395,428.9170432997367,428.60448671131616
1.9800000000000013,-0.175091460063,0.810301373282,14.2571834582,0.160903548362,0.0474554917263,0.0,-0.354323870495,1.55670855686,4.2138311182,0.0204247148939,0.0677029487625,0.0,464.390297710505,465.1578816344985,465.7887954905104,466.1213593981982
2.0400000000000014,-0.197309164819,0.9068567131,14.5119478469,0.161831602707,0.0515331767037,0.0,-0.386649685138,1.66182303251,4.27796409499,0.00303315945992,0.0684731451861,0.0,446.8293176482496,446.89555295509507,447.57699783311375,446.1590830903327
2.1000000000000014,-0.221517403152,1.00963347488,14.7699796651,0.162960068691,0.0559267433248,0.0,-0.420684294097,1.76406160887,4.32281976992,0.0393593613076,0.0813462879331,0.0,440.355407505501,441.4232807660261,440.50639262029824,443.50047581376873
2.1600000000000015,-0.248060447281,1.11915187239,15.034256962,0.165350519973,0.0609543821013,0.0,-0.464600266491,1.88665289834,4.48561028541,0.0407866220613,0.0882851379632,0.0,478.2527778113362,478.7862116785169,478.3987673087847,478.50812492688976
2.2200000000000015,-0.277144985045,1.23551247058,15.3049449304,0.167992628649,0.0662255608794,0.0,-0.505373299765,1.99218111677,4.53695043259,0.0498464012268,0.0869749608387,0.0,445.6844812900315,445.5837532618142,445.80827123781626,446.54909528281735
2.2800000000000016,-0.308579193934,1.3577472812,15.5757550659,0.170815962296,0.0727780646845,0.0,-0.542935524289,2.08251721159,4.49008669231,0.0407927965261,0.134682316683,0.0,412.2477785228679,416.45274588820496,414.54979857378504,413.75485849371114
2.3400000000000016,-0.342736219235,1.48624791033,15.8484298715,0.173203482134,0.0805761435298,0.0,-0.596422770785,2.20093320761,4.59841155654,0.0377118253261,0.118319703359,0.0,464.45228863124737,463.18160600221546,465.3336892252072,465.09314344258337
2.4000000000000017,-0.380359168033,1.62209080516,16.1287215671,0.175659779305,0.0878403208542,0.0,-0.658406057304,2.3272290656,4.7437943936,0.046714256664,0.12606454561,0.0,476.64936616016695,477.2530485248252,476.894178088116,477.5821441841501
2.4600000000000017,-0.421667616636,1.76516783215,16.4155378987,0.178564366158,0.095139412742,0.0,-0.719242183047,2.44214188728,4.81619116142,0.0516007542096,0.110925511082,0.0,457.5505044370167,456.35630204279204,455.940439181676,456.3320933669208
2.520000000000002,-0.466775905362,1.91519491448,16.706728001,0.181754548265,0.102329428123,0.0,-0.785015473177,2.55891788624,4.88955811847,0.0561351184725,0.1334190226,0.0,456.550354190257,458.3539735597764,458.4304264142344,458.79239119516757
2.580000000000002,-0.515666817402,2.07173280145,16.9993331723,0.184798391301,0.109811196745,0.0,-0.845346430816,2.65920699487,4.86381061111,0.0368163086054,0.0949316393075,0.0,429.24035528165786,425.97501083901744,427.727788289431,426.0807544828758
2.640000000000002,-0.568511436411,2.23467249619,17.2922473486,0.187110935072,0.116009477413,0.0,-0.916670690013,2.77219064795,4.89958984369,0.0417877839738,0.116251394503,0.0,447.2701464668911,449.0123499206922,447.0422300654171,447.4479205410063
2.700000000000002,-0.625642746994,2.40423725805,17.5863237823,0.19016413044,0.123320981283,0.0,-0.988326115251,2.88010183317,4.90267047577,0.064702997579,0.131200302776,0.0,436.8483089740257,438.1068012927823,437.5764443754418,439.4818419582366
2.760000000000002,-0.687588554364,2.58089308209,17.8835343491,0.193727228131,0.131244816959,0.0,-1.07727173027,3.00859336127,5.0035153128,0.0457657300244,0.133735780665,0.0,469.85588474823544,470.067425272044,470.1049445614739,468.6372429672178
2.820000000000002,-0.754649168489,2.76474655705,18.1838973581,0.197025491995,0.138972485749,0.0,-1.15876315587,3.11999130539,5.0082360111,0.0689114480546,0.11642749667,0.0,441.53651122096676,440.12115021290674,440.18979631330666,442.10330466787036
2.880000000000002,-0.827105885561,2.95584144724,18.4870768706,0.200996432001,0.146259318691,0.0,-1.25710178759,3.25002039905,5.09692166204,0.0600765300518,0.129953254278,0.0,467.9466962258161,469.0109647368367,468.73909235171044,468.05488350464356
2.940000000000002,-0.904461744653,3.1532413003,18.787930374,0.204978953595,0.153793930051,0.0,-1.3220157151,3.33024361552,4.93202096997,0.0766723213997,0.114961370506,0.0,385.4751716657344,384.0723966649533,382.90852868661165,384.48840960295496
3.000000000000002,-0.987317985084,3.3574597895,19.0883097993,0.209089767212,0.161458792363,0.0,-1.44052663276,3.47721187745,5.07942948862,0.0424437093865,0.145518510574,0.0,485.28344162819377,487.58490358190113,489.12753591197776,486.57417907735163
3.0600000000000023,-1.07644858215,3.56926922906,19.391443917,0.211797732022,0.170375942182,0.0,-1.53121832369,3.58319832734,5.02492776864,0.0500296959952,0.154187135958,0.0,424.47385214095647,425.23903997902744,425.53565583216556,426.1859398332229
3.1200000000000023,-1.17119606385,3.78749035293,19.691428198,0.214688672701,0.179584936086,0.0,-1.62778856855,3.69094677151,4.9743773978,0.0442063577277,0.152038791621,0.0,427.2506991550268,427.09073251928345,427.0982278014901,426.60268374066806
3.1800000000000024,-1.27189162287,4.0121971931,19.9883514362,0.217530695155,0.188491385536,0.0,-1.72947069338,3.79936398582,4.92288588899,0.0530366828928,0.140058681678,0.0,426.791903240731,425.78957404334477,427.50697372676086,428.2603123466089
3.2400000000000024,-1.3794248186,4.2440931357,20.2851472888,0.220305934689,0.196807762038,0.0,-1.85567971566,3.93052548407,4.96957321039,0.0270786177476,0.135534317285,0.0,460.0182977572965,459.6769303600338,460.9796751755319,458.92459656702573
3.3000000000000025,-1.49390149073,4.48301291133,20.5808559065,0.221922173986,0.204662997259,0.0,-1.96086765753,4.03347003457,4.88738394207,0.0266532641282,0.119584557508,0.0,419.57755445252013,418.20694698973745,418.028505922401,417.99164529138085
3.3600000000000025,-1.61530620722,4.72862420792,20.8739120742,0.223146884625,0.212185378289,0.0,-2.0865681771,4.15348037963,4.88074283407,0.00343950483308,0.134967526751,0.0,443.87337179480613,445.1483775940824,444.8146613563889,442.90916551610866
3.4200000000000026,-1.74418201312,4.98120402097,21.1655877828,0.223922449083,0.219953490914,0.0,-2.20995452932,4.26569705098,4.84154631318,0.0271959903402,0.115241926338,0.0,434.1889020303691,432.546063636521,434.0041740527199,435.9938905654732
3.4800000000000026,-1.88127341101,5.24117243587,21.457833279,0.225930186116,0.226533583102,0.0,-2.36030190418,4.39977847655,4.89915779822,0.0437179395869,0.0951775910827,0.0,467.6212860169369,466.06519774404904,465.41943886742814,466.71138212671207
3.5400000000000027,-2.02702812159,5.50871927594,21.7514395505,0.228346153613,0.23235649813,0.0,-2.49865593344,4.51843589554,4.88727232306,0.0322729200417,0.100547509881,0.0,444.99056501534193,445.4380395998825,446.65590136980086,445.72214616881007
3.6000000000000028,-2.18070334886,5.78292317644,22.0422879898,0.23077004587,0.238362869438,0.0,-2.62436848069,4.6217074248,4.80760360619,0.0530483658756,0.0992093383506,0.0,423.8617912564987,423.7559214626055,422.5181675956006,424.3068218256986
3.660000000000003,-2.34286351209,6.06411929196,22.3316795728,0.234063831997,0.24391548299,0.0,-2.78141444489,4.75148775203,4.83802553025,0.0583563925982,0.0738758092753,0.0,462.51623399831965,460.52292090040055,459.86417818491265,460.2864320847179
3.720000000000003,-2.51438897646,6.3529744413,22.6222099445,0.237246732174,0.248010483201,0.0,-2.9364240805,4.8770368007,4.84570607112,0.0394618301604,0.0535687129259,0.0,456.24525886794424,454.62397190274214,455.3807592142077,453.8682150942494
3.780000000000003,-2.69502685058,6.64913007592,22.9121371606,0.2392481396,0.251307435644,0.0,-3.08511308647,4.99476475251,4.81818037756,0.016912196074,0.0575753638158,0.0,445.50786341718293,445.8374307163854,444.54404510038705,442.69241051527376
3.840000000000003,-2.88427326833,6.95198853668,23.1989443404,0.240780864463,0.255137673913,0.0,-3.22346153837,5.10043272025,4.74199934945,0.0388129996694,0.074084690778,0.0,427.88082288634746,429.2874247350336,428.06556155222546,429.9258009206519
3.900000000000003,-3.08309247409,7.2622656416,23.4855928494,0.242999855668,0.25997311002,0.0,-3.4041537995,5.24195219978,4.81194237165,0.0330474297566,0.0911644611098,0.0,476.3930520295526,477.7021692301929,477.66208033835005,477.2226275286224
3.960000000000003,-3.29123641387,7.57956187498,23.7704695293,0.24494319873,0.265754434821,0.0,-3.53451836817,5.33458632948,4.6840892712,0.0310389433043,0.105109640203,0.0,412.7629295451242,414.0006968378981,412.6285182395571,412.4516014809899
4.020000000000002,-3.50879507789,7.90372791625,24.0529484276,0.247165110942,0.272383032205,0.0,-3.71792031817,5.47072579738,4.73089808518,0.0469149396955,0.119481004042,0.0,471.8900264730427,473.00822886407417,470.8761371981139,472.10350156714975
4.080000000000001,-3.73651092188,8.23519362322,24.3347557728,0.2501300347,0.279604918792,0.0,-3.87320995716,5.57809784067,4.66232982105,0.0539967404242,0.122074570628,0.0,435.2330848761721,435.46354270764834,436.2660143162032,436.8586331079004
4.14,-3.97322434087,8.57271608695,24.610890936,0.25329608789,0.28671564497,0.0,-4.01787345398,5.67268640872,4.54211075007,0.05018934047,0.11022459469,0.0,419.04792264001196,418.0297789299832,418.7681858777876,418.4387749750781
4.199999999999998,-4.22088484223,8.91773456227,24.8867964265,0.256348369099,0.29381575833,0.0,-4.23791632481,5.82767016775,4.65318959954,0.0522011787928,0.130960344199,0.0,494.6985693670486,496.23416952951345,495.2210168027041,495.3703631205365
4.259999999999997,-4.48047179286,9.27085326877,25.1646858551,0.26030694643,0.301339676837,0.0,-4.41559108215,5.94290259319,4.60913503524,0.0847096829632,0.110952963302,0.0,450.33615941866515,448.72834335084855,446.89392162128144,449.5395318791127
4.319999999999996,-4.75123357735,9.63121502709,25.4410235599,0.265871247179,0.309204250909,0.0,-4.61033608532,6.06920008249,4.60111659544,0.105264846302,0.155071937871,0.0,460.99068523400314,464.47849010835756,461.43323053837395,463.0601964923795
4.379999999999995,-5.03495436844,10.0001154074,25.7201304438,0.271983135934,0.318765039348,0.0,-4.84761430751,6.22744869934,4.70049934968,0.0940163685047,0.166749015144,0.0,498.82306349148075,499.6961896998812,499.2553929741882,498.4415125037597
4.439999999999993,-5.33081036926,10.3766906909,25.9983563669,0.277318915608,0.328912523355,0.0,-5.01503406477,6.32516403074,4.57330838093,0.0760851250453,0.173491016032,0.0,427.833086884807,428.4354435739852,428.8636856912935,427.3442418069979
4.499999999999992,-5.63609127539,10.7585179579,26.2666849733,0.281771947255,0.339875769698,0.0,-5.16187229568,6.40251223899,4.37110191502,0.0701944126207,0.196676800428,0.0,399.76796245688666,401.9114619148122,401.6071965899194,401.07728929597124
4.559999999999991,-5.9522610231,11.1464882491,26.5280160646,0.285424415644,0.35170119176,0.0,-5.37794704032,6.52962476872,4.33874719084,0.0258862077668,0.197903601094,0.0,462.8796160081167,463.0124383827014,463.08765958730885,459.59025597396897
4.6199999999999894,-6.28092075285,11.5415343296,26.7855019861,0.286651230418,0.363545918761,0.0,-5.5782674221,6.638232691,4.24345202033,0.00640752244862,0.196412272103,0.0,442.69769299714324,442.6132021965117,444.1751430503302,442.5743137610816
4.679999999999988,-6.62301079236,11.9439293119,27.0402202813,0.287588058959,0.375217837742,0.0,-5.82553135473,6.77431167582,4.24575474628,0.0295592724663,0.190485108074,0.0,477.83713440496354,477.4189824297549,477.18906629925124,478.9535187232879
4.739999999999987,-6.97844246658,12.3531877413,27.2907924732,0.289221489368,0.387033343411,0.0,-6.02308625543,6.86735623729,4.10619359076,0.022088630824,0.207401628305,0.0,431.2913752039514,432.75700549765475,432.11699196703637,431.4867556652798
4.799999999999986,-7.34623885727,12.7681950948,27.5336570998,0.290245404973,0.399328262126,0.0,-6.23770307727,6.96582805128,3.98859815221,0.00441661908383,0.199421169006,0.0,441.73938037917884,441.12209889426873,441.50372945269226,440.042724756478
4.859999999999984,-7.72541025975,13.1878892923,27.7655247931,0.291128484101,0.41096179127,0.0,-6.40238203229,7.02380875209,3.74060572657,0.0299059964401,0.179572719936,0.0,394.5055361383942,392.7094673593693,390.99937817558396,393.3677646157084
4.919999999999983,-8.11631950776,13.6121159948,27.9861729853,0.29347610544,0.42134547364,0.0,-6.62872856415,7.1167509152,3.61362534649,0.0530872407289,0.155051325869,0.0,440.1574585975861,438.1514363274419,437.8997238860884,439.8251878548187
4.979999999999982,-8.52011242705,14.041310229,28.1972445007,0.296808751373,0.43099436316,0.0,-6.83186691551,7.18958082353,3.42181490802,0.0600517363154,0.170372092097,0.0,414.84178366816644,416.21168900850626,416.89472076690345,417.5053131566506
5.0399999999999805,-8.93740064073,14.4755655398,28.3990958176,0.300190762145,0.441347050348,0.0,-7.07846344429,7.28529502355,3.3055944132,0.0477365218307,0.176564645958,0.0,445.4237784497465,445.9585341111806,446.1570864842227,445.15226950856083
